         101
          84
         171
          51
          20
          11
          24
         102
         179
          13
          61
         220
          33
          68
          88
         174
         255
         226
          21
         212
         142
         220
         133
         255
         183
          30
         222
         224
         241
          66
         193
          48
          63
          54
          10
          51
         238
           4
         134
          22
         218
          37
          69
         170
          81
         213
         171
         143
         244
          52
         213
         102
          54
          13
         242
          28
         233
         159
         131
          24
         137
          88
         143
         209
         110
         159
          72
         174
          54
          14
          44
         167
          17
         200
          32
         160
         253
          73
          27
         220
         220
          45
          35
         160
          51
          78
          66
          96
         107
         117
         195
         143
         191
         233
         209
          14
         162
         250
          53
         172
          46
         125
          12
          55
         210
         119
         183
          56
         131
          47
         200
          28
          66
         132
         190
         133
          87
         169
         118
           4
         115
          33
         181
          19
         175
         158
         205
          78
         182
          81
         130
         183
          82
          14
          99
         182
          72
         135
          93
         117
         242
         170
          36
         132
          20
         199
         105
         104
         138
         237
